0.000010 0.000010 0.999970 0.000010
0.000010 0.000010 0.000010 0.999970
0.000010 0.000010 0.245948 0.754032
0.000010 0.000010 0.000010 0.999970
0.000010 0.000010 0.000010 0.999970
0.000010 0.000010 0.999970 0.000010
0.021139 0.000010 0.000010 0.978841
0.000010 0.000010 0.000010 0.999970
0.000010 0.384856 0.000010 0.615124
0.000010 0.999970 0.000010 0.000010
0.999970 0.000010 0.000010 0.000010
0.000010 0.000010 0.999970 0.000010
0.000010 0.926182 0.000010 0.073798
0.000010 0.000010 0.000010 0.999970
0.653379 0.346601 0.000010 0.000010
0.999970 0.000010 0.000010 0.000010
0.000010 0.999970 0.000010 0.000010
0.539583 0.460397 0.000010 0.000010
0.999970 0.000010 0.000010 0.000010
0.964769 0.000010 0.000010 0.035211
0.000010 0.998732 0.000010 0.001248
0.240309 0.759671 0.000010 0.000010
0.000010 0.988302 0.011678 0.000010
0.999970 0.000010 0.000010 0.000010
0.999970 0.000010 0.000010 0.000010
0.086077 0.000010 0.000010 0.913903
0.000010 0.000010 0.000010 0.999970
0.000010 0.000010 0.000010 0.999970
0.000010 0.000010 0.999970 0.000010
0.000010 0.000010 0.000010 0.999970
0.000010 0.000010 0.000010 0.999970
0.000010 0.000010 0.999970 0.000010
0.999970 0.000010 0.000010 0.000010
0.999970 0.000010 0.000010 0.000010
0.999970 0.000010 0.000010 0.000010
0.000010 0.963571 0.000010 0.036409
0.000010 0.927693 0.072287 0.000010
0.000010 0.000010 0.000010 0.999970
0.020300 0.000010 0.000010 0.979680
0.000010 0.999970 0.000010 0.000010
0.896640 0.000010 0.103340 0.000010
0.000010 0.473910 0.526070 0.000010
0.000010 0.999970 0.000010 0.000010
0.938158 0.000010 0.000010 0.061822
0.000010 0.000010 0.000010 0.999970
0.971207 0.000010 0.028773 0.000010
0.000010 0.000010 0.000010 0.999970
0.000010 0.521934 0.478046 0.000010
0.837501 0.000010 0.162479 0.000010
0.000010 0.971463 0.028517 0.000010
0.000010 0.999970 0.000010 0.000010
0.000010 0.515330 0.000010 0.484650
0.000010 0.467087 0.532893 0.000010
0.000010 0.936222 0.000010 0.063758
0.000010 0.232511 0.000010 0.767469
0.953979 0.000010 0.000010 0.046001
0.000010 0.000011 0.000010 0.999969
0.000010 0.999970 0.000010 0.000010
0.915408 0.000010 0.084572 0.000010
0.786399 0.000010 0.000010 0.213581
0.000010 0.000010 0.000010 0.999970
0.000010 0.999970 0.000010 0.000010
0.000010 0.000010 0.000010 0.999970
0.000010 0.000010 0.999970 0.000010
0.000010 0.737421 0.000010 0.262559
0.000010 0.838756 0.000010 0.161224
0.000010 0.480572 0.519408 0.000010
0.000010 0.984924 0.015056 0.000010
0.658027 0.293569 0.048394 0.000010
0.000010 0.999970 0.000010 0.000010
0.000010 0.017241 0.000010 0.982739
0.000010 0.999970 0.000010 0.000010
0.000010 0.000010 0.999970 0.000010
0.000010 0.000010 0.000010 0.999970
0.000010 0.999970 0.000010 0.000010
0.000010 0.511944 0.000010 0.488036
0.381828 0.618152 0.000010 0.000010
0.000010 0.999970 0.000010 0.000010
0.000010 0.999970 0.000010 0.000010
0.000010 0.000010 0.000010 0.999970
0.000010 0.000010 0.000010 0.999970
0.882346 0.000010 0.000010 0.117634
0.000010 0.000010 0.000010 0.999970
0.000010 0.000010 0.000010 0.999970
0.000010 0.000010 0.000010 0.999970
0.000010 0.000010 0.000010 0.999970
0.000010 0.999970 0.000010 0.000010
0.000010 0.442958 0.557022 0.000010
0.559999 0.439981 0.000010 0.000010
0.000010 0.842331 0.157649 0.000010
0.000010 0.000010 0.000010 0.999970
0.000010 0.999970 0.000010 0.000010
0.000010 0.000010 0.999970 0.000010
0.000010 0.999970 0.000010 0.000010
0.922250 0.000010 0.000010 0.077730
0.901808 0.000010 0.000010 0.098172
0.999970 0.000010 0.000010 0.000010
0.000010 0.000010 0.000010 0.999970
0.000010 0.000010 0.000010 0.999970
0.000010 0.000010 0.000010 0.999970
0.288691 0.000010 0.711289 0.000010
0.802225 0.000010 0.000010 0.197755
0.000010 0.000010 0.999970 0.000010
0.979054 0.000010 0.000010 0.020926
0.000010 0.999970 0.000010 0.000010
0.000010 0.000010 0.000010 0.999970
0.000010 0.296316 0.000010 0.703664
0.000010 0.986686 0.013294 0.000010
0.017099 0.000010 0.982881 0.000010
0.863595 0.000010 0.000010 0.136385
0.000010 0.000010 0.999970 0.000010
0.000010 0.000010 0.208926 0.791054
0.000010 0.980889 0.019091 0.000010
0.000010 0.997937 0.000010 0.002043
0.033710 0.000010 0.000010 0.966270
0.000010 0.000010 0.000010 0.999970
0.000010 0.000010 0.000010 0.999970
0.000010 0.000010 0.000010 0.999970
0.246489 0.000010 0.753491 0.000010
0.000010 0.000010 0.000010 0.999970
0.000010 0.000011 0.000010 0.999969
0.000010 0.469941 0.530039 0.000010
0.000010 0.000010 0.999970 0.000010
0.000010 0.000010 0.000010 0.999970
0.000010 0.255274 0.744706 0.000010
0.389971 0.000010 0.610009 0.000010
0.534738 0.000010 0.465242 0.000010
0.999970 0.000010 0.000010 0.000010
0.999970 0.000010 0.000010 0.000010
0.999970 0.000010 0.000010 0.000010
0.999970 0.000010 0.000010 0.000010
0.999970 0.000010 0.000010 0.000010
0.999970 0.000010 0.000010 0.000010
0.999970 0.000010 0.000010 0.000010
0.999970 0.000010 0.000010 0.000010
0.999970 0.000010 0.000010 0.000010
0.999970 0.000010 0.000010 0.000010
